70 100 49 41 100 
134 237 156 215 31 
194 7 37 72 32 
162 196 168 90 235 
11 32 65 73 79 
139 241 248 205 48 
241 19 148 34 60 
248 168 41 149 128 
73 87 135 110 159 
167 17 99 80 107 
0 0 0 0 0 0 0 1 0 0 
0 1 0 0 0 0 0 1 0 1 
0 0 0 0 0 0 0 0 0 0 
0 1 2 0 1 0 0 1 0 0 
0 2 0 0 0 0 0 0 1 1 
0 0 0 0 0 0 0 0 0 0 
1 0 0 0 0 1 0 0 0 0 
1 0 1 2 0 0 0 0 0 1 
1 0 0 0 0 0 0 1 0 0 
1 0 0 0 0 0 0 0 0 1 
2 0 0 0 0 0 0 1 0 0 
1 0 0 0 0 0 0 0 0 0 
0 0 0 0 0 0 0 0 1 0 
0 0 0 0 1 1 0 0 0 1 
0 0 0 0 0 0 0 0 1 1 
0 0 0 0 0 0 1 0 0 1 
0 0 1 0 0 0 0 1 2 0 
0 0 0 0 0 0 0 0 0 0 
0 0 0 0 0 0 0 0 0 0 
0 0 0 0 1 0 1 0 0 0 
0 0 0 0 0 1 0 0 0 0 
0 0 0 0 0 1 0 0 0 0 
0 0 0 0 0 0 0 0 0 0 
0 0 0 0 0 1 0 1 0 0 
0 2 0 0 0 0 0 0 2 0 
0 0 0 0 0 0 
Histo took:  1.361340e-04 seconds 
